SdkRegistrants_1527270570290=com.gwtplugins.gwt.eclipse.sdkbundle.gwt27_2.7.0.201710131939,com.gwtplugins.gwt.eclipse.sdkbundle.gwt28_2.8.0.201710131939
eclipse.preferences.version=1
versionForLastForcedRebuild_defautl=3.0.0.201710131939
versionForLastForcedRebuild_web_asw_t3=3.0.0.201710131939
